1
8
11
13
14
16
18
19
20
23
31
35
36
37
41
42
45
46
51
59
61
63
64
66
74
75
76
82
87
92
93
94
95
96
97
99
101
102
103
107
110
111
112
113
120
124
127
133
138
140
141
142
143
145
150
154
166
170
171
179
182
188
189
190
191
193
195
200
208
209
214
217
218
223
227
230
239
243
244
245
247
249
252
256
257
265
266
267
268
273
276
278
288
293
294
296
297
298
300
301
305
308
310
313
317
322
323
324
325
327
328
331
333
336
338
340
341
347
348
349
357
358
361
362
366
367
372
374
387
394
398
399
400
405
406
408
413
414
415
417
418
419
422
424
425
428
430
431
432
434
439
440
444
447
448
449
453
455
458
459
460
465
466
472
474
476
483
485
487
488
492
497
501
502
504
505
506
508
509
516
520
523
525
528
531
532
533
539
545
546
557
560
564
568
569
571
572
574
577
579
